5753
5903
5979
6054
6127
6204
6278
6354
6429
6579
6904
6979
7031
7128
7205
7355
7429
7564
7648
7730
8054
8059
8205
8279
8430
8503
8579
8649
8806
8879
9206
9280
9357
9424
9504
9581
9654
9732
9806
10031
10354
10407
10505
10582
10657
10732
10882
10957
11093
11141
11505
11581
11655
11801
11856
11957
12027
12177
12240
12319
12656
12734
12879
12941
13031
13108
13183
13255
13387
13483
13781
13882
13958
14033
14109
14202
14333
14408
14464
14623
14960
15034
15110
15181
15247
15463
15541
15634
15710
15785
16159
16259
16335
16409
16560
16620
16668
16760
16861
16935
17979
18237
18311
18385
18461
18529
18571
18650
18664
18836
19162
19238
19289
19386
19462
19483
19760
19837
19911
19963
20312
20386
20463
20536
20613
20686
20710
20988
21062
21137
21463
21530
21689
21762
21838
21989
22053
22138
22214
22287
22615
22839
22910
22985
23064
23139
23214
23288
23364
23439
23763
23830
23880
24064
24139
24202
24254
24432
24487
24591
24915
24991
25043
25140
25216
25288
25360
25429
25651
25741
26031
26140
26216
26267
26360
26418
26575
26620
26816
26890
27216
27291
27367
27420
27592
27666
27743
27805
27856
28042
28335
28422
28567
28651
28743
28817
28891
28968
29102
29161
30267
30332
30385
30431
30549
30561
30673
30869
30943
31070
31418
31494
31548
31643
31789
31855
31863
32018
32095
32169
32513
32644
32719
32794
32871
32987
33089
33144
33246
33394
33791
33850
33945
34019
34168
34230
34320
34395
34472
34546
34872
34880
35020
35097
35247
35321
35395
35472
35622
35694
36021
36151
36232
36371
36473
36547
36623
36683
36707
36848
37173
37249
37322
37398
37473
37548
37685
37767
37911
37967
38438
38533
38625
38698
38771
38841
38843
39000
39073
39147
39474
39549
39625
39698
39924
40000
40074
40148
40225
40297
40625
40680
40773
40850
40968
41054
41225
41300
41368
41383
42601
42675
42751
42822
42963
43051
43126
43188
43229
43341
43670
43729
43897
43943
44127
44202
44269
44325
44426
44503
44796
44901
44977
45028
45128
45203
45346
45395
45577
45652
46053
46129
46202
46276
46354
46424
46578
46652
46728
46803
47276
47354
47428
47505
47579
47642
47693
47740
47879
47954
48278
48354
48429
48579
48654
48725
48787
48872
48951
49105
49429
49580
49654
49804
49881
49956
50029
50106
50179
50257
50579
50653
50730
50805
50956
50999
51072
51180
51330
51388
51707
51709
51882
51957
52107
52180
52234
52331
52483
52557
52882
52956
53030
53082
53182
53258
53332
53407
53634
53707
54782
54859
54933
54997
55083
55157
55196
55385
55459
55532
55931
55997
56070
56158
56234
56304
56373
56452
56533
56760
57079
57158
57235
57301
57376
57533
57610
57747
57797
57909
58230
58294
58460
58534
58610
58685
58761
58805
58812
58964
59386
59461
59608
59641
59835
59910
59987
60060
60137
60211
60527
60611
60685
60911
60987
61061
61137
61211
61272
61353
61686
61763
61837
61911
61987
62139
62197
62245
62363
62513
62838
62912
62989
63062
63138
63213
63363
63438
63588
63611
63989
64123
64213
64364
64439
64515
64588
64662
64739
64813
65140
65205
65262
65365
65589
65660
65713
65814
65890
65964
67032
67265
67340
67414
67490
67565
67580
67715
67789
67866
68190
68341
68415
68491
68565
68715
68789
68867
68938
69010
69341
69408
69470
69566
69636
69683
69868
69941
70007
70059
70492
70566
70612
70717
70790
70867
70942
71002
71242
71315
71549
71717
71790
71840
71942
72018
72230
72294
72393
72468
72785
72849
72943
73019
73093
73244
73318
73468
73542
73611
73858
74019
74094
74168
74395
74468
74542
74619
74693
74770
75035
75168
75245
75319
75395
75611
75689
75771
75845
75918
76246
76320
76470
76514
76620
76695
76771
76845
76919
76985
77396
77463
77621
77694
77846
77920
77987
78059
78145
78201
79296
79369
79414
79483
79747
79822
79898
79970
80028
80113
80447
80523
80597
80671
80822
80898
80973
81045
81098
81198
81580
81673
81749
81823
81973
82046
82123
82173
82323
82422
82742
82791
82886
82973
83047
83275
83335
83352
83451
83573
83901
84059
84199
84275
84350
84424
84500
84574
84651
84715
85049
85126
85179
85276
85350
85407
85498
85551
85726
85799
86164
86278
86351
86425
86653
86726
86800
86876
86938
86939
87332
87419
87568
87629
87800
87877
87935
88030
88174
88502
88643
88695
88871
88916
89028
89103
89154
89252
89327
89642
89801
89866
89926
90021
90178
90254
90328
90404
90478
91553
91629
91683
91779
91853
91902
92078
92155
92303
92373
92704
92780
92855
92928
93005
93230
93303
93380
93455
93531
93855
93929
94060
94155
94194
94304
94381
94396
94606
94680
95006
95080
95157
95231
95263
95355
95357
95532
95680
95756
96232
96305
96456
96532
96591
96681
96757
96818
96866
96955
97306
97456
97532
97598
97668
97833
97896
97940
98056
98133
98454
98608
98682
98758
98833
98908
98983
99116
99207
99284
99609
99682
99759
99832
100057
100134
100208
100285
100359
100433
100759
100833
100962
101038
101135
101208
101276
101330
101409
101510
101857
101980
102032
102119
102351
102404
102493
102585
102661
102735
103809
103886
103961
104037
104111
104185
104261
104402
104456
104635
104959
105036
105112
105262
105335
105375
105489
105635
105712
105787
106112
106186
106337
106413
106478
106542
106691
106787
106862
106937
107260
107273
107561
107639
107712
107789
107863
107937
108013
108088
108562
108639
108713
108789
108852
108905
109014
109076
109115
109214
109563
109640
109695
109790
109864
109938
110014
110080
110313
110390
110685
110791
110864
110991
111003
111154
111207
111391
111466
111533
111864
111940
112016
112091
112167
112241
112391
112465
112616
112690
112971
113091
113225
113300
113392
113467
113616
113690
113767
113841
114242
114316
114443
114523
114616
114687
114763
114839
114917
114992
116067
116143
116217
116294
116368
116442
116518
116568
116721
116804
117220
117369
117443
117519
117593
117744
117817
117895
117968
118045
118370
118443
118520
118587
118647
118817
118895
119045
119119
119163
119521
119595
119670
119744
119818
119893
119949
120029
120072
120169
120670
120728
120735
120896
120971
121047
121272
121346
121422
121474
121820
121898
121971
122047
122121
122195
122272
122340
122410
122646
123047
123122
123132
123272
123423
123497
123571
123647
123722
123799
124122
124197
124273
124348
124423
124636
124706
124797
124873
124945
125274
125437
125572
125648
125702
125780
125788
125949
126024
126099
126417
126572
126649
126723
126800
126867
126905
127021
127089
127250
