5829
6502
7255
7497
8327
8716
9881
9956
10806
11031
11733
12028
12807
13330
14183
14558
15328
15405
15997
16486
18086
18160
19612
19686
20838
20912
21527
21912
22689
22762
23932
24365
25497
25587
26496
26742
27418
27967
28511
29036
30793
31017
31720
32246
32945
33320
33719
34097
35171
35547
36093
36320
37624
37818
38322
38385
39772
39803
40913
41150
42524
42883
43756
44052
45253
45486
45978
46473
47129
47203
48505
49001
49506
49730
50882
51256
52030
52406
53483
53557
55195
55609
56610
56683
57457
57683
58378
59059
59533
59644
60749
60799
62061
62438
63286
63513
64063
64287
65439
65515
67086
67096
68267
68641
69749
70153
71045
71063
72066
72164
73167
73394
74245
74319
75470
75541
76395
77040
77519
77760
79484
79671
80748
81274
81899
82268
83124
83198
83974
84047
85652
85877
86502
86577
87727
88102
88577
88785
89728
90103
92005
92229
93072
93083
94006
94532
95605
95830
96126
96381
97382
97719
98534
99057
99909
99984
100905
101584
102167
102285
104336
104560
105185
105560
106262
106555
107413
107488
108413
108489
110165
110240
110939
111222
112314
112542
113165
113542
114167
114384
116662
116894
117276
117646
118671
118969
120270
120345
121120
121194
122493
122570
122972
123346
124498
124571
125347
125418
126499
127171
